Class UVG
bpp [0.0598, 0.07934285714285713, 0.11425714285714283, 0.1600142857142857]
psnr [35.25747142857143, 36.02594285714286, 37.205371428571425, 38.112585714285714]
msssim [0.9581257142857142, 0.9618857142857143, 0.9703157142857144, 0.9766199999999998]

Class B
bpp [0.0728, 0.10398, 0.16044, 0.24101999999999996]
psnr [33.07536, 34.00686, 35.10922000000001, 36.0504]
msssim [0.9590679999999999, 0.9648019999999999, 0.971544, 0.9768839999999999]

Class D
bpp [0.12439999999999998, 0.1943, 0.28912499999999997, 0.41047500000000003]
psnr [29.340875, 30.594125, 32.229025, 33.7589]
msssim [0.967345, 0.975635, 0.9827699999999999, 0.9877174999999999]

Class C
bpp [0.13219999999999998, 0.198125, 0.29325, 0.41425]
psnr [29.151575, 30.419525, 32.000975, 33.491125]
msssim [0.9579425, 0.9684275, 0.9776150000000001, 0.98363]

Class E
bpp [0.026033333333333335, 0.033800000000000004, 0.0509, 0.0732]
psnr [36.108133333333335, 37.1209, 38.249700000000004, 38.92263333333333]
msssim [0.9798166666666667, 0.9823266666666667, 0.9848766666666667, 0.9864033333333334]